		-type		b-type
R branch	Q branch	P branch	R branch	Q branch	P branch
3697.1578099999992	0.196	9	0	9	4.924600000000282	0.0
3702.0824099999995	None	10	0	10	4.924600000000282	0.0
3707.00701	0.175	11	0	11	4.924600000000282	0.0
3711.93161	0.246	12	0	12	4.924600000000282	0.0
3716.72422	0.374	13	0	13	4.792609999999968	-0.13199000000031447
3721.3848399999997	None	14	0	14	4.792609999999968	-0.13199000000031447
3726.0454599999994	0.624	15	0	15	4.792609999999968	-0.13199000000031447
3730.30903	0.74	16	0	16	3.9995899999998983	-0.7930200000000696
3734.57244	0.816	17	0	17	4.263410000000022	0.2638200000001234
3663.4374	0.134	4	0	5
3669.22626	0.11599999999999999	5	0	6	5.788860000000113
3674.89286	0.109	6	0	7	5.666600000000017	-0.12226000000009662
3680.50108	0.11599999999999999	7	0	8	5.608220000000074	-0.05837999999994281
3686.05092	None	8	0	9	5.608220000000074	-0.05837999999994281
3691.6007600000003	0.179	9	0	10	5.608220000000074	-0.05837999999994281
3597.93318	0.16	5	0	5
3591.14006	0.165	6	0	6	-6.793119999999817
3584.16867	0.185	7	0	7	-6.971390000000156	-0.17827000000033877
3577.04316	0.21899999999999997	8	0	8	-7.125509999999849	-0.1541199999996934
3569.7635300000006	None	9	0	9	-7.125509999999849	-0.1541199999996934
3562.483900000001	None	10	0	10	-7.125509999999849	-0.1541199999996934
3555.2042700000015	0.21100000000000002	11	0	11	-7.125509999999849	-0.1541199999996934
3547.2765	0.303	12	0	12	-8.390130000000681	-1.264620000000832
3539.54238	0.414	13	0	13	-7.734120000000075	0.6560100000006059
3531.69511	0.541	14	0	14	-7.847269999999753	-0.11314999999967768
3523.73609	0.657	15	0	15	-7.959020000000237	-0.11175000000048385
3515.77284	0.993	16	0	16	-7.963249999999789	-0.004229999999552092
3507.48787	0.8440000000000001	17	0	17	-8.284970000000158	-0.3217200000003686
3499.20132	0.9029999999999999	18	0	18	-8.286549999999806	-0.0015799999996488623
3490.80853	0.9390000000000001	19	0	19	-8.392790000000332	-0.10624000000052547
3682.3840099999984	0.981	6	1	6	4.924600000000282	0.0
3687.3086099999987	None	7	1	7	4.924600000000282	0.0
3692.233209999999	None	8	1	8	4.924600000000282	0.0
3697.1578099999992	0.20600000000000002	9	1	9	4.924600000000282	0.0
3702.0824099999995	None	10	1	10	4.924600000000282	0.0
3707.00701	0.175	11	1	11	4.924600000000282	0.0
3711.93161	0.246	12	1	12	4.924600000000282	0.0
3716.72422	0.374	13	1	13	4.792609999999968	-0.13199000000031447
3721.38343	0.303	14	1	14	4.659209999999803	-0.13340000000016516
3725.91332	0.624	15	1	15	4.52989000000025	-0.12931999999955224
3730.30903	0.74	16	1	16	4.395709999999781	-0.1341800000004696
3734.57244	0.816	17	1	17	4.263410000000022	-0.13229999999975917
3607.6883999999995	0.993	5	1	4	-7.894049999999879	0.0
3599.7943499999997	None	6	1	5	-7.894049999999879	0.0
3591.9003	None	7	1	6	-7.894049999999879	0.0
3584.00625	None	8	1	7	-7.894049999999879	0.0
3576.1122	0.657	9	1	8	-7.894049999999879	0.0
3568.21815	0.9570000000000001	10	1	9	-7.894049999999879	0.0
3560.3241000000003	None	11	1	10	-7.894049999999879	0.0
3552.4300500000004	0.9790000000000001	12	1	11	-7.894049999999879	0.0
3544.26625	0.983	13	1	12	-8.163800000000265	-0.2697500000003856
3535.8326999999995	None	14	1	13	-8.163800000000265	-0.2697500000003856
3527.399149999999	0.988	15	1	14	-8.163800000000265	-0.2697500000003856
3554.89637	0.21100000000000002	11	1	11
3547.2765	0.303	12	1	12	-7.619869999999992
3539.54238	0.414	13	1	13	-7.734120000000075	-0.11425000000008367
3531.69511	0.541	14	1	14	-7.847269999999753	-0.11314999999967768
3523.73609	0.657	15	1	15	-7.959020000000237	-0.11175000000048385
3515.66675	0.764	16	1	16	-8.069340000000011	-0.11031999999977415
3507.48787	0.8440000000000001	17	1	17	-8.178879999999936	-0.10953999999992448
3499.20132	0.9029999999999999	18	1	18	-8.286549999999806	-0.10766999999987092
3490.80853	0.9390000000000001	19	1	19	-8.392790000000332	-0.10624000000052547
