   Searching   1  1  0 near    727.75986
     0  0  0   727.75871 21.2   727.75871
                                             2  2  0   714.96933  8.7   727.75766

    Searching   2  1  1 near    730.74857
     1  0  1   729.34611 22.3   730.74606    2  2  1   717.96859  4.6   730.74664
                                             3  2  1    713.7174  4.4   730.74632

    Searching   3  1  2 near    735.22474
     2  0  2   731.03347 12.0   735.22303    3  2  2   718.24578 12.4   735.22352
                                             4  2  2   712.50229  8.2   735.22337

    Searching   4  1  3 near    741.17953
     3  0  3   732.83052 12.9   741.17896    4  2  3   718.61032  0.0   741.17956
                                             5  2  3   711.28644 16.0   741.17916

    Searching   5  1  4 near    748.60022
     4  0  4    734.7532  1.6   748.60056    5  2  4   719.05496  1.6   748.60058
                                             6  2  4   710.03046  0.5   748.60057

    Searching   6  1  5 near    757.46941
     5  0  5   736.81812  0.0   757.46946    6  2  5   719.57097  0.4   757.46929
                                             7  2  5   708.69293 75.4   757.46454

