   Searching   4  0  4 near   3710.60500
     3  0  3   3663.4374 13.9   3710.5973                                        
                                             5  0  5  3597.93318 16.5  3710.59711

   Searching   5  0  5 near   3746.00050
     4  0  4  3669.22626 12.1  3745.99251                                        
                                             6  0  6  3591.14006 17.0  3745.99238

                                            5  1  4  3608.67943 99.8  3745.99237
                                                                                 

   Searching   6  0  6 near   3787.56510
     5  0  5  3674.89286 11.4  3787.55679                                        
                                             7  0  7  3584.16867 19.0  3787.55664

                                            5  1  4  3608.67943 99.8  3745.99237
                                                                                 

   Searching   7  0  7 near   3835.36200
     6  0  6  3680.50108 12.1   3835.3534                                        
                                             8  0  8  3577.04316 22.4  3835.35338

     6  1  6  3680.28278 98.6  3835.35247    5  1  4  3608.67943 99.8  3745.99237
                                                                                 

   Searching   8  0  8 near   3889.42820
     7  0  7  3686.03146 14.8  3889.41944                                        
                                             9  0  9  3569.78394 24.9  3889.42031

     6  1  6  3680.28278 98.6  3835.35247    5  1  4  3608.67943 99.8  3745.99237
                                                                                 

   Searching   9  0  9 near   3949.77770
     8  0  8   3691.4592 18.4  3949.76943                                        
                                             9  0  9  3569.78394 24.9  3889.42031

     6  1  6  3680.28278 98.6  3835.35247    9  1  8   3576.1122 66.2  3949.76876
                                                                                 

   Searching  10  0 10 near   4016.41220
     9  0  9   3696.7683 20.1  4016.40467                                        
                                            11  0 11  3554.89637 21.6  4016.40559

     9  1  9  3696.75888 21.1  4016.40816   10  1  9  3568.21815 96.2  4016.40793
                                            11  1 11  3554.89637 21.6  4016.40728

   Searching  11  0 11 near   4089.32750		???
     9  0  9   3696.7683 20.1  4016.40467                                        
                                            12  0 12   3547.2765 30.8  4089.32319

     9  1  9  3696.75888 21.1  4016.40816   10  1  9  3568.21815 96.2  4016.40793
                                            12  1 12   3547.2765 30.8  4089.32377

   Searching  12  0 12 near   4168.51630
    11  0 11  3707.00701 18.0  4168.51623                                        
                                            13  0 13  3539.54238 41.9   4168.5169

    11  1 11  3707.00701 18.0  4168.51792   12  1 11  3552.32649 98.4   4168.5172
                                            13  1 13  3539.54238 41.9   4168.5171

   Searching  13  0 13 near   4253.96960
    12  0 12  3711.93161 25.1  4253.97829                                        
                                            14  0 14  3531.69511 54.6  4253.97842

    12  1 12  3711.93161 25.1  4253.97888   13  1 12  3544.26625 98.8  4253.97841
                                            14  1 14  3531.69511 54.6  4253.97849

   Searching  14  0 14 near   4345.67670
    13  0 13  3716.72422 37.9  4345.69873                                        
                                            15  0 15  3523.73609 66.2  4345.69881

    13  1 13  3716.72422 37.9  4345.69894   13  1 12  3544.26625 98.8  4253.97841
                                            15  1 15  3523.73609 66.2  4345.69883

   Searching  15  0 15 near   4443.62600
    13  0 13  3716.72422 37.9  4345.69873                                        
                                            16  0 16  3515.77284 99.8   4443.7744

    14  1 14  3721.38343 30.8   4443.6668   15  1 14  3527.85528 99.3  4443.66585
                                            16  1 16  3515.66675 76.9  4443.66832

   Searching  16  0 16 near   4547.80450
    15  0 15  3725.91332 62.9  4547.87603                                        
                                            17  0 17  3507.48787 84.9  4547.87578

    15  1 15  3725.91332 62.9  4547.87605   15  1 14  3527.85528 99.3  4443.66585
                                            17  1 17  3507.48787 84.9  4547.87579

   Searching  17  0 17 near   4658.19770
    16  0 16  3730.30903 74.5  4658.31059                                        
                                            18  0 18  3499.20132 90.8  4658.31042

    16  1 16  3730.30903 74.5   4658.3106   15  1 14  3527.85528 99.3  4443.66585
                                            18  1 18  3499.20132 90.8  4658.31042

   Searching  18  0 18 near   4774.79010
